1 9 0.43376 0.1 0.0196271 0.526316
1 9 0.43776 0.15 2.45902 0.585938
1 9 0.434776 1 3.28407 0.81666
1 9 0.434256 1.5 5.19931 1.50678
1 9 0.434594 10 18.0832 1.19918
1 9 0.434573 15 19.5567 1.24121
1 9 0.434567 10 17.6523 1.25423
2 9 0.34216 0.1 0.0161695 0.552486
2 9 0.340853 0.15 2.38095 0.617284
2 9 0.336696 1 4.02414 0.974659
2 9 0.337051 1.5 5.70342 1.42993
2 9 0.337231 10 15.2905 1.0002
2 9 0.33747 15 20.3666 1.23574
2 9 0.337394 10 12.9955 1.28123
3 9 0.42176 0.1 0.0421097 0.904977
3 9 0.419893 0.15 6 1.45278
3 9 0.418416 1 7.8125 1.2551
3 9 0.419435 1.5 9.77199 2.90839
3 9 0.418652 10 33.14 1.41183
3 9 0.418749 15 39.7614 1.19123
3 9 0.418808 10 31.9744 1.44645
4 9 0.4447 0.1 0.0984858 1.07817
4 9 0.441427 0.15 0.138873 1.1583
4 9 0.44016 0.15 0.0151389 0.0322148
4 9 0.38076 0.15 0.00181293 0.0345642
4 9 0.3814 0.15 0.0212067 0.033589
4 9 0.441013 0.15 0.0171419 0.0324667
4 9 0.44284 0.15 0.0830507 1.25
4 9 0.439707 0.15 0.0729616 1.12782
