1 9 0.4348 0.1 0.0247831 0.966184
1 9 0.434933 0.15 2.91262 1.26582
1 9 0.434768 1 13.8889 7.38007
1 9 0.434859 1.5 5.90551 4.65839
1 9 0.434721 10 18.7441 14.1743
1 9 0.434699 15 20.5339 15.7812
2 9 0.34096 0.1 1.23457 1.06383
2 9 0.33984 0.15 3.06122 1.2605
2 9 0.337848 1 13.1579 7.14286
2 9 0.337707 1.5 5.76923 4.62963
2 9 0.337745 10 18.5874 14.3885
2 9 0.337443 15 22.3048 15.9915
3 9 0.42308 0.1 2.53165 1.97044
3 9 0.419947 0.15 5.88235 2.75229
3 9 0.418908 1 8.09717 5.85652
3 9 0.418608 1.5 10.6952 8.74636
3 9 0.418642 10 34.9345 24.4798
3 9 0.418848 15 39.4737 26.7499
4 9 0.43896 0.1 4.54545 3.06513
4 9 0.440547 0.15 10.3448 4.24028
4 9 0.4396 1 14.8699 10.2696
4 9 0.439619 1.5 18.9873 12.959
4 9 0.439601 10 54.6822 34.9803
4 9 0.439631 15 68.7285 36.889
