1 9 0.76248 0.1 0.024728 1.75439
1 9 0.760907 0.15 2.80374 3.22581
1 9 0.763672 1 9.09091 18.018
1 9 0.763781 1.5 13.1004 27.2727
1 9 0.763972 10 50 56.4972
1 9 0.763882 15 59.6421 58.8235
1 9 0.76394 100 72.2804 71.6076
2 9 0.6604 0.1 1.47059 1.75439
2 9 0.65824 0.15 2.41935 2.83019
2 9 0.657648 1 8.88889 18.1818
2 9 0.658032 1.5 12.5523 22.7273
2 9 0.658085 10 46.5116 53.1915
2 9 0.658418 15 58.0271 60.6061
2 9 0.658879 100 76.0746 73.3407
3 9 0.83008 0.1 2.96296 3.47826
3 9 0.829413 0.15 3.84615 5.94059
3 9 0.828856 1 17.5439 29.6296
3 9 0.828896 1.5 25.2101 39.4737
3 9 0.829099 10 77.9727 79.8403
3 9 0.829205 15 87.9765 82.0793
3 9 0.82934 100 103.306 71.1744
4 9 0.85412 0.1 3.66972 4.87805
4 9 0.853107 0.15 4.6332 7.59494
4 9 0.852776 1 27.3038 37.2093
4 9 0.852665 1.5 37.7358 47.0588
4 9 0.852621 10 90.8059 88.0088
4 9 0.852625 15 97.0089 93.2401
4 9 0.852663 100 97.371 97.2644
